0 2 0 2 0 1 1 1 1 2 1 2 0 1 2 1 1 0 1 1 0 1 2 0 2 2 0 0 1 0 0 2 2 2 1 0 1 1 0 0 1 warezmaster
0 2 2 2 1 2 2 1 0 1 0 1 0 0 1 2 1 1 0 2 2 0 1 0 2 1 0 2 2 2 1 2 0 1 2 0 2 0 2 2 2 named
0 1 2 2 0 1 1 1 1 2 2 2 2 2 0 2 1 0 2 0 1 0 1 0 1 1 0 1 2 0 2 0 1 2 1 2 2 2 0 1 1 land
1 2 2 0 2 2 1 1 0 1 2 1 1 2 2 1 2 0 2 2 2 2 0 1 2 1 1 2 1 2 0 0 1 1 0 1 1 0 2 0 2 guess_passwd
2 2 2 1 0 1 2 2 1 0 0 1 0 2 1 0 2 2 0 1 1 1 0 1 0 1 2 0 2 1 0 0 0 0 1 2 1 0 1 1 0 sendmail
1 2 2 1 0 2 2 1 2 0 1 2 0 2 2 0 2 2 0 0 0 2 1 0 1 0 0 1 2 2 1 1 0 1 0 2 0 1 0 2 2 smurf
0 1 2 2 2 2 1 0 0 2 0 1 0 2 2 0 1 1 2 0 2 2 2 2 2 0 1 2 2 1 1 1 0 1 2 2 0 1 0 0 0 imap
0 1 0 0 0 2 1 1 2 1 0 0 1 0 2 1 1 2 1 1 2 2 1 1 0 2 0 2 2 0 0 1 2 2 2 2 1 2 2 1 1 processtable
0 2 2 2 2 2 0 0 0 0 2 2 0 0 1 2 0 1 1 1 2 2 2 2 2 1 0 1 0 2 0 0 2 0 2 1 0 1 2 2 1 neptune
2 2 2 0 0 1 2 2 1 0 0 1 2 2 1 2 0 2 0 0 2 1 1 1 0 0 0 1 0 0 1 1 1 2 2 0 1 2 2 0 2 xterm
0 0 2 2 0 0 2 0 0 2 1 1 0 1 2 2 0 0 2 0 0 2 0 0 1 2 0 0 1 1 1 1 0 2 0 1 1 2 0 1 0 guess_passwd
0 0 2 0 0 1 0 0 2 0 2 2 0 1 0 0 0 2 1 0 0 1 1 2 0 0 2 2 0 2 1 0 2 1 2 0 0 0 0 0 2 pod
2 2 0 1 0 1 2 1 0 0 1 1 1 0 2 2 1 0 1 1 0 0 2 0 2 2 2 0 2 1 0 0 1 0 0 1 0 2 0 1 2 buffer_overflow
0 1 0 2 2 1 0 2 0 1 0 2 1 0 0 2 0 2 2 2 2 2 1 2 1 2 0 2 0 1 0 2 2 1 1 1 1 1 0 1 1 teardrop
1 0 0 1 0 0 0 2 2 0 1 0 1 0 0 0 0 1 0 2 0 1 0 1 1 0 0 2 2 0 2 1 0 0 1 1 0 0 2 0 2 ps
1 1 0 1 1 2 2 2 0 1 0 1 2 1 0 2 2 0 0 1 2 1 2 2 2 2 2 1 1 0 1 1 2 0 2 2 1 2 2 0 2 smurf
2 1 1 2 0 2 1 1 0 1 1 1 0 2 0 2 1 2 2 0 2 1 2 1 1 1 0 0 0 2 1 0 2 2 0 1 1 2 1 1 0 phf
0 0 0 0 1 0 2 1 1 1 2 2 0 1 2 0 2 1 1 2 2 1 1 0 1 2 2 0 0 2 0 0 0 2 1 1 0 1 0 2 1 rootkit
0 2 1 2 0 1 0 1 1 1 2 1 1 0 1 0 1 2 0 0 2 1 0 0 1 1 0 0 2 1 1 1 1 1 1 0 1 0 1 0 1 apache2
1 1 1 2 2 2 2 1 2 0 2 1 1 2 1 1 0 0 2 2 2 0 0 1 1 0 1 1 2 2 2 0 2 0 2 1 0 0 1 2 0 xterm
2 1 1 0 0 2 1 1 2 1 0 2 2 2 1 0 1 2 1 0 1 0 1 0 0 1 0 2 0 1 2 0 2 2 2 0 1 0 0 2 2 mailbomb
2 2 2 0 1 2 0 2 0 1 1 0 1 0 2 0 2 1 0 1 0 0 2 0 1 0 1 1 1 2 2 1 0 2 2 0 2 2 1 0 0 ftp_write
0 2 1 0 2 0 0 1 0 0 2 2 0 0 1 2 0 1 2 1 0 0 0 1 0 0 1 1 2 0 0 1 1 1 1 2 2 2 1 2 1 pod
1 1 1 2 2 1 0 2 1 2 0 1 0 0 0 2 0 0 0 0 0 1 2 2 0 0 1 0 2 1 0 0 0 1 0 2 1 2 2 1 0 imap
2 1 0 1 2 1 0 2 1 2 2 0 2 1 1 1 0 1 1 1 0 2 0 0 0 1 1 2 0 0 0 0 0 2 1 1 1 2 0 2 2 perl
0 2 0 0 1 2 0 1 0 0 2 1 1 0 1 2 2 2 2 2 2 0 0 0 0 2 2 1 2 2 1 0 0 0 2 1 1 1 1 1 2 phf
0 2 2 0 1 0 2 0 0 0 1 1 2 2 0 1 0 1 0 0 1 2 2 0 0 0 1 0 0 1 2 0 0 0 2 2 0 2 2 1 2 rootkit
2 0 1 2 0 1 0 1 0 0 0 1 1 0 1 2 0 1 1 2 1 2 2 1 1 1 0 2 1 2 0 2 2 1 0 0 0 1 0 0 0 back
2 1 1 1 2 0 1 2 2 2 2 1 0 2 0 1 2 0 1 1 0 0 2 0 2 2 2 2 0 2 0 0 2 1 1 2 1 2 0 2 0 normal
1 2 1 1 0 2 1 1 1 1 1 1 1 1 0 1 2 2 1 1 1 0 2 2 0 0 0 2 0 0 1 2 1 0 0 2 2 0 2 0 0 land
0 0 0 0 2 0 0 2 2 2 0 0 1 2 1 1 2 1 1 2 1 2 1 1 0 1 0 0 0 1 1 2 1 2 1 2 0 2 1 1 2 buffer_overflow
0 0 2 0 1 1 0 2 0 1 0 2 1 2 1 0 0 1 1 1 0 1 2 1 2 2 1 1 0 2 2 1 1 0 0 1 2 0 1 1 1 perl
1 0 1 2 2 1 0 2 2 0 0 2 0 2 0 2 2 1 0 1 0 2 0 2 2 0 2 0 0 0 2 1 1 0 0 2 1 1 2 0 0 multihop
0 2 2 1 1 2 1 1 0 2 0 2 2 1 0 0 1 1 0 2 1 2 0 2 1 2 2 2 1 0 2 2 1 1 2 1 1 0 1 2 2 loadmodule
1 0 0 2 0 0 0 1 1 0 2 2 1 1 2 2 0 2 1 0 1 1 1 0 0 1 0 0 2 1 1 2 2 2 2 2 1 2 0 1 1 apache2
2 1 0 1 0 1 1 1 2 2 2 0 1 2 2 0 0 1 0 0 0 0 2 2 0 0 2 0 0 1 1 0 1 1 2 2 0 0 2 1 0 normal
2 1 1 2 1 2 0 2 0 1 1 0 0 0 1 1 0 2 0 2 0 2 2 1 0 2 0 1 1 0 0 2 0 2 2 1 0 2 2 0 1 warezclient
1 2 2 1 1 1 0 2 0 1 2 0 2 2 0 1 0 0 2 1 0 2 1 1 1 0 1 2 1 2 2 2 1 1 0 2 2 0 2 1 0 neptune
1 2 0 0 1 1 0 1 0 0 2 2 2 1 2 0 2 0 1 0 1 0 0 2 2 1 0 1 2 1 1 2 1 1 1 1 1 1 0 2 1 named
2 1 2 2 0 1 0 2 2 1 0 1 1 0 1 0 1 0 0 1 1 0 1 1 0 1 1 2 2 2 0 1 0 1 2 2 1 1 2 1 2 ps
0 2 0 0 2 2 1 0 2 0 2 2 0 0 1 0 1 1 2 2 0 2 2 2 0 1 2 1 2 1 0 2 1 0 2 1 1 0 0 2 1 spy
0 2 2 0 2 2 0 2 0 2 1 1 1 0 2 1 2 1 1 0 1 2 0 0 0 1 2 0 2 1 1 2 1 1 0 0 2 1 0 2 2 mailbomb
2 1 0 1 1 0 0 1 0 2 1 0 1 0 2 0 2 0 0 2 2 2 0 1 0 2 2 1 1 1 1 0 2 2 2 1 1 0 2 1 0 back
0 2 2 2 1 1 0 2 1 0 0 1 2 1 0 2 1 0 0 1 0 2 2 1 0 1 0 0 0 0 1 0 0 2 0 1 1 0 2 0 2 spy
2 1 2 1 2 1 0 2 0 2 1 1 2 2 2 1 2 0 0 2 0 2 0 2 0 0 0 2 2 0 1 2 1 2 2 1 1 0 1 0 1 warezmaster
2 0 0 2 2 1 2 0 2 0 0 2 1 1 1 0 0 0 1 2 1 2 2 1 1 1 1 2 1 0 2 0 2 0 1 2 2 0 1 2 2 processtable
2 1 1 2 1 0 1 2 2 0 1 2 2 1 1 1 0 2 0 0 0 1 1 1 0 2 1 0 0 0 1 0 0 2 0 1 1 0 0 1 1 warezclient
0 2 0 0 2 2 0 0 0 2 1 1 0 2 0 0 2 1 1 0 2 1 0 2 1 2 0 2 0 1 2 1 0 1 0 2 0 2 0 2 0 teardrop
0 2 2 0 1 1 2 1 1 2 2 0 0 2 1 1 0 1 2 0 0 0 0 1 1 2 2 2 2 0 1 2 2 2 1 1 2 2 2 0 1 sendmail
1 2 2 1 1 2 0 1 2 1 1 1 1 0 0 2 2 0 2 0 2 1 2 0 0 2 1 2 2 2 2 1 2 1 1 1 0 0 2 1 2 ftp_write
2 1 1 1 0 2 0 2 0 2 2 1 0 2 2 0 2 0 1 2 1 2 0 2 1 0 2 1 1 1 2 0 0 2 2 2 0 1 0 0 0 loadmodule
1 0 0 2 0 0 1 0 2 2 0 1 1 2 1 2 1 2 1 0 0 2 1 0 2 2 2 1 0 1 0 2 2 1 2 2 1 1 1 1 2 multihop